ell  |  integer points of y^2=x^4-2^{ell}x^2+1
--------------------------------------------------------
(80, [[1099511627776, 1], [-1099511627776, 1], [0, 1]])
(81, [[0, 1]])
(82, [[2199023255552, 1], [-2199023255552, 1], [0, 1]])
(83, [[0, 1]])
(84, [[4398046511104, 1], [-4398046511104, 1], [0, 1]])
(85, [[0, 1]])
(86, [[8796093022208, 1], [-8796093022208, 1], [0, 1]])
(87, [[0, 1]])
(88, [[17592186044416, 1], [-17592186044416, 1], [0, 1]])
(89, [[0, 1]])
(90, [[35184372088832, 1], [-35184372088832, 1], [0, 1]])
(91, [[0, 1]])
(92, [[70368744177664, 1], [-70368744177664, 1], [0, 1]])
(93, [[0, 1]])
(94, [[140737488355328, 1], [-140737488355328, 1], [0, 1]])
(95, [[0, 1]])
(96, [[281474976710656, 1], [-281474976710656, 1], [0, 1]])
(97, [[0, 1]])
(98, [[562949953421312, 1], [-562949953421312, 1], [0, 1]])
(99, [[0, 1]])
(100, [[1125899906842624, 1], [-1125899906842624, 1], [0, 1]])
(101, [[0, 1]])
(102, [[2251799813685248, 1], [-2251799813685248, 1], [0, 1]])
(103, [[0, 1]])
(104, [[4503599627370496, 1], [-4503599627370496, 1], [0, 1]])
(105, [[0, 1]])
(106, [[9007199254740992, 1], [-9007199254740992, 1], [0, 1]])
(107, [[0, 1]])
(108, [[18014398509481984, 1], [-18014398509481984, 1], [0, 1]])
(109, [[0, 1]])
(110, [[36028797018963968, 1], [-36028797018963968, 1], [0, 1]])
(111, [[0, 1]])
(112, [[72057594037927936, 1], [-72057594037927936, 1], [0, 1]])
(113, [[0, 1]])
(114, [[144115188075855872, 1], [-144115188075855872, 1], [0, 1]])
(115, [[0, 1]])
(116, [[288230376151711744, 1], [-288230376151711744, 1], [0, 1]])
(117, [[0, 1]])
(118, [[576460752303423488, 1], [-576460752303423488, 1], [0, 1]])
(119, [[0, 1]])
(120, [[1152921504606846976, 1], [-1152921504606846976, 1], [0, 1]])
